1, 152, 102, 103
  2, 227, 226,  29
  3, 173, 172,  42
  4, 256, 163, 247
  5, 185,  64, 184
  6, 188, 182,  69
  7, 240, 101, 102
  8, 419, 325, 243
  9, 216,  97, 195
 10, 177,  19, 176
 11, 214,  94, 196
 12, 361, 293, 359
 13, 212,  91, 197
 14, 211,  89,  90
 15, 311, 225, 303
 16, 218,  86,  87
 17, 208,  83,  84
 18, 287, 284, 206
 19, 206,  80,  81
 20, 379, 375, 300
 21, 204,  77,  78
 22, 203,  76, 202
 23, 147, 145,  36
 24, 318, 235, 317
 25, 189,  71, 181
 26, 182, 179,  68
 27, 173,  42,  43
 28, 173,  43, 163
 29, 192,  67, 179
 30, 275, 192, 274
 31, 164, 163,  44
 32, 248, 247, 164
 33, 165,  46, 161
 34, 184,  65, 183
 35, 193,  63, 185
 36, 166, 161,  47
 37, 276, 193, 273
 38, 330, 241, 153
 39, 154, 153,  57
 40, 263, 187, 186
 41, 423, 330, 154
 42, 168, 167,  49
 43, 169,  51,  52
 44,  51,   6,  52
 45, 169, 168,  50
 46, 462, 343, 169
 47, 242,  55, 157
 48, 157,  56, 153
 49, 154,  57,  58
 50, 154,  58,  59
 51,  59,  58,   7
 52, 149,  41, 146
 53, 189, 188,  70
 54, 235, 234, 148
 55, 150,  39, 148
 56, 150,  38,  39
 57, 319, 234, 318
 58, 381, 376, 271
 59, 238, 147, 233
 60, 232,   4, 145
 61, 280, 277, 203
 62, 231, 229,   3
 63, 204, 202,  77
 64, 205,  79, 201
 65, 229, 221,  34
 66, 305, 304, 222
 67, 206, 201,  80
 68, 207,  82, 200
 69, 467, 440, 466
 70, 227,  30, 223
 71, 208, 200,  83
 72, 209,  85, 199
 73, 226, 224,  28
 74, 301, 289, 199
 75, 210,  87,  88
 76, 210,  88, 198
 77, 392, 311, 389
 78, 228,  24,  25
 79, 211, 198,  89
 80, 393, 306, 392
 81, 174,  23, 160
 82, 362, 294, 361
 83, 213, 197,  92
 84, 258, 175, 250
 85, 176,  20, 162
 86, 176,  19,  20
 87, 215, 196,  95
 88, 421, 363, 282
 89, 260, 177, 254
 90, 421, 297, 244
 91, 217,  99, 194
 92, 240, 194, 100
 93, 101, 100,   8
 94, 158, 103, 104
 95, 329, 243, 155
 96, 155, 105, 106
 97, 156, 106, 107
 98, 156, 155, 106
 99, 156, 107,  14
100, 107,   1,  14
101, 145,   4,  36
102, 147,  36,  37
103, 146,  41,   5
104, 172,   5,  42
105, 151,  37,  38
106, 191,  74, 180
107, 148,  39,  40
108, 149, 148,  40
109, 149,  40,  41
110, 237, 235, 149
111, 191,  73,  74
112, 151,  38, 150
113, 190, 181,  72
114, 151, 147,  37
115, 246, 159, 243
116, 217, 195,  98
117, 167, 166,  48
118, 153,  56,  57
119, 423,  59,  60
120, 187,  61, 186
121, 159, 105, 155
122, 424, 170, 329
123, 424,  14,  15
124, 170,  15,  16
125, 339, 337, 249
126, 157,  55,  56
127, 158, 152, 103
128, 159, 158, 104
129, 159, 104, 105
130, 424, 329, 156
131, 160,  23,   2
132, 230,   2,  24
133, 161,  46,  47
134, 166,  47,  48
135, 162,  20,  21
136, 175,  21,  22
137, 163,  43,  44
138, 164,  44,  45
139, 165, 164,  45
140, 253, 248, 165
141, 165,  45,  46
142, 360, 346, 265
143, 167,  48,  49
144, 273, 185, 267
145, 168,  49,  50
146, 365, 276, 348
147, 169,  50,  51
148, 420, 343, 324
149, 462,  52,  53
150, 245,  54, 242
151, 178,  16,  17
152, 246, 244, 158
153, 171,  17,  18
154, 177,  18,  19
155, 328, 321, 239
156, 172, 146,   5
157, 192, 183,  66
158, 261, 173, 256
159, 174,  22,  23
160, 262, 250, 174
161, 175, 162,  21
162, 175,  22, 174
163, 450, 438, 410
164, 358, 296, 357
165, 335, 254, 334
166, 177, 171,  18
167, 178, 170,  16
168, 178,  17, 171
169, 179,  67,  68
170, 182,  68,  69
171, 180,  74,  75
172, 203,  75,  76
173, 181,  71,  72
174, 190,  72,  73
175, 188,  69,  70
176, 239, 237, 146
177, 183,  65,  66
178, 192,  66,  67
179, 455, 412, 446
180, 184,  64,  65
181, 255, 166, 249
182, 185,  63,  64
183, 186,  61,  62
184, 193, 186,  62
185, 423, 187, 330
186, 187,  60,  61
187, 189,  70,  71
188, 321, 317, 237
189, 269, 181, 264
190, 270, 189, 269
191, 191, 190,  73
192, 236, 150, 234
193, 452, 401, 433
194, 397, 396, 316
195, 422, 331, 412
196, 274, 179, 266
197, 193,  62,  63
198, 255, 253, 161
199, 194,  99, 100
200, 240, 100, 101
201, 195,  97,  98
202, 217,  98,  99
203, 196,  94,  95
204, 215,  95,  96
205, 197,  91,  92
206, 213,  92,  93
207, 228,  25, 219
208, 198,  88,  89
209, 301, 218, 279
210, 199,  85,  86
211, 223,  31, 220
212, 200,  82,  83
213, 313, 305, 221
214, 201,  79,  80
215, 232, 231,  35
216, 202,  76,  77
217, 375, 280, 300
218, 203, 180,  75
219, 205, 204,  78
220, 315, 313, 229
221, 205,  78,  79
222, 286, 201, 284
223, 207, 206,  81
224, 287, 207, 281
225, 207,  81,  82
226, 307, 220, 304
227, 209, 208,  84
228, 391, 310, 388
229, 209,  84,  85
230, 289, 288, 209
231, 290, 279, 210
232, 352, 279, 350
233, 212,  90,  91
234, 212, 211,  90
235, 369, 278, 362
236, 292, 212, 291
237, 214,  93,  94
238, 214, 213,  93
239, 359, 283, 358
240, 341, 250, 323
241, 216,  96,  97
242, 216, 215,  96
243, 295, 195, 282
244, 457, 363, 407
245, 297, 240, 152
246, 244, 152, 158
247, 218, 199,  86
248, 218,  87, 210
249, 219,  25,  26
250, 225,  26,  27
251, 220,  31,  32
252, 222,  32,  33
253, 221,  33,  34
254, 229,  34,   3
255, 222, 220,  32
256, 222,  33, 221
257, 353, 288, 351
258, 223,  30,  31
259, 224,  27,  28
260, 226,  28,  29
261, 225, 219,  26
262, 225,  27, 224
263, 227,  29,  30
264, 390, 387, 309
265, 310, 308, 227
266, 310, 223, 307
267, 292, 211, 212
268, 230,  24, 228
269, 231,   3,  35
270, 380, 286, 378
271, 312, 228, 306
272, 230, 160,   2
273, 232,  35,   4
274, 300, 204, 285
275, 314, 145, 238
276, 395, 232, 314
277, 233, 147, 151
278, 236, 151, 150
279, 234, 150, 148
280, 235, 148, 149
281, 237, 149, 146
282, 400, 318, 398
283, 433, 401, 400
284, 236, 233, 151
285, 239, 146, 172
286, 368, 366, 270
287, 277, 271, 180
288, 238, 145, 147
289, 261, 172, 173
290, 268, 266, 182
291, 240, 102, 152
292, 297, 152, 244
293, 252, 249, 167
294, 241, 157, 153
295, 242,  54,  55
296, 327, 157, 241
297, 243, 159, 155
298, 257, 170, 178
299, 297, 282, 217
300, 246, 158, 159
301, 462, 245, 343
302, 245,  53,  54
303, 338, 257, 251
304, 326, 246, 325
305, 247, 163, 164
306, 248, 164, 165
307, 253, 165, 161
308, 332, 331, 248
309, 249, 166, 167
310, 252, 167, 168
311, 250, 175, 174
312, 262, 174, 160
313, 251, 178, 171
314, 260, 171, 177
315, 343, 252, 168
316, 324, 245, 242
317, 255, 161, 166
318, 267, 184, 265
319, 254, 177, 176
320, 259, 176, 162
321, 459, 417, 418
322, 448, 413, 417
323, 439, 436, 402
324, 256, 173, 163
325, 419, 329, 257
326, 257, 178, 251
327, 293, 196, 283
328, 258, 162, 175
329, 259, 254, 176
330, 259, 162, 258
331, 296, 216, 295
332, 260, 251, 171
333, 345, 256, 342
334, 261, 239, 172
335, 302, 160, 230
336, 291, 197, 278
337, 425, 330, 263
338, 276, 186, 193
339, 264, 181, 190
340, 272, 190, 191
341, 265, 184, 183
342, 275, 183, 192
343, 266, 179, 182
344, 268, 182, 188
345, 333, 332, 253
346, 267, 185, 184
347, 270, 188, 189
348, 436, 399, 402
349, 454, 398, 399
350, 269, 189, 181
351, 399, 398, 317
352, 270, 268, 188
353, 271, 191, 180
354, 277, 180, 203
355, 272, 264, 190
356, 272, 191, 271
357, 337, 333, 255
358, 273, 193, 185
359, 342, 247, 331
360, 274, 192, 179
361, 364, 360, 275
362, 275, 265, 183
363, 477, 418, 339
364, 276, 263, 186
365, 280, 203, 202
366, 428, 396, 397
367, 278, 197, 213
368, 294, 213, 214
369, 279, 218, 210
370, 290, 210, 198
371, 300, 202, 204
372, 382, 381, 277
373, 281, 207, 200
374, 298, 200, 208
375, 282, 195, 217
376, 407, 363, 326
377, 283, 196, 215
378, 296, 215, 216
379, 284, 201, 206
380, 287, 206, 207
381, 285, 204, 205
382, 286, 285, 205
383, 286, 205, 201
384, 378, 284, 354
385, 441, 440, 349
386, 354, 287, 349
387, 288, 208, 209
388, 289, 209, 199
389, 301, 199, 218
390, 309, 226, 308
391, 299, 198, 211
392, 367, 350, 290
393, 465, 403, 344
394, 291, 212, 197
395, 344, 323, 262
396, 299, 211, 292
397, 340, 334, 259
398, 293, 214, 196
399, 294, 278, 213
400, 294, 214, 293
401, 336, 260, 335
402, 295, 216, 195
403, 438, 437, 409
404, 296, 283, 215
405, 297, 217, 194
406, 297, 194, 240
407, 298, 281, 200
408, 298, 208, 288
409, 374, 292, 373
410, 299, 290, 198
411, 479, 475, 463
412, 300, 280, 202
413, 311, 306, 219
414, 356, 301, 352
415, 302, 262, 160
416, 312, 230, 228
417, 303, 225, 224
418, 309, 224, 226
419, 304, 220, 222
420, 305, 222, 221
421, 313, 221, 229
422, 431, 430, 404
423, 306, 228, 219
424, 311, 219, 225
425, 391, 390, 308
426, 307, 223, 220
427, 308, 226, 227
428, 310, 227, 223
429, 445, 356, 443
430, 309, 303, 224
431, 470, 441, 444
432, 468, 442, 445
433, 472, 449, 460
434, 389, 303, 387
435, 461, 460, 367
436, 312, 302, 230
437, 315, 229, 231
438, 467, 408, 430
439, 314, 232, 145
440, 322, 238, 316
441, 395, 231, 232
442, 380, 379, 285
443, 316, 238, 233
444, 320, 233, 236
445, 317, 235, 237
446, 321, 237, 239
447, 370, 368, 269
448, 318, 234, 235
449, 452, 376, 428
450, 319, 236, 234
451, 320, 316, 233
452, 320, 236, 319
453, 328, 239, 261
454, 402, 399, 321
455, 382, 280, 375
456, 322, 314, 238
457, 323, 250, 262
458, 344, 262, 302
459, 327, 324, 242
460, 425, 411, 241
461, 325, 246, 243
462, 447, 414, 437
463, 421, 326, 363
464, 326, 244, 246
465, 327, 242, 157
466, 477, 459, 418
467, 345, 261, 256
468, 371, 268, 366
469, 329, 155, 156
470, 329, 170, 257
471, 330, 153, 154
472, 330, 187, 263
473, 331, 247, 248
474, 332, 248, 253
475, 333, 253, 255
476, 413, 412, 332
477, 337, 255, 249
478, 347, 267, 346
479, 334, 254, 259
480, 340, 259, 258
481, 457, 416, 415
482, 335, 260, 254
483, 457, 415, 447
484, 336, 251, 260
485, 339, 249, 252
486, 348, 273, 347
487, 419, 338, 325
488, 338, 251, 336
489, 420, 339, 252
490, 406, 324, 327
491, 341, 340, 258
492, 438, 409, 410
493, 341, 258, 250
494, 435, 434, 403
495, 427, 342, 422
496, 342, 256, 247
497, 343, 168, 169
498, 343, 245, 324
499, 384, 302, 312
500, 373, 291, 369
501, 372, 266, 371
502, 345, 328, 261
503, 346, 267, 265
504, 360, 265, 275
505, 417, 413, 333
506, 347, 273, 267
507, 418, 417, 337
508, 348, 276, 273
509, 349, 287, 281
510, 355, 281, 298
511, 350, 279, 290
512, 367, 290, 299
513, 351, 288, 289
514, 356, 289, 301
515, 471, 443, 449
516, 352, 301, 279
517, 388, 307, 385
518, 353, 298, 288
519, 386, 305, 383
520, 354, 284, 287
521, 355, 349, 281
522, 355, 298, 353
523, 471, 469, 443
524, 356, 351, 289
525, 357, 296, 295
526, 363, 357, 295
527, 447, 415, 414
528, 358, 283, 296
529, 437, 414, 409
530, 359, 293, 283
531, 364, 275, 274
532, 455, 422, 412
533, 410, 409, 340
534, 361, 294, 293
535, 405, 323, 403
536, 362, 278, 294
537, 363, 295, 282
538, 407, 326, 325
539, 372, 274, 266
540, 427, 426, 345
541, 425, 365, 411
542, 365, 263, 276
543, 366, 268, 270
544, 368, 270, 269
545, 374, 299, 292
546, 474, 460, 461
547, 370, 269, 264
548, 454, 432, 398
549, 434, 405, 403
550, 369, 291, 278
551, 377, 264, 272
552, 432, 400, 398
553, 426, 402, 328
554, 371, 266, 268
555, 458, 439, 426
556, 372, 364, 274
557, 465, 435, 403
558, 373, 292, 291
559, 473, 461, 451
560, 374, 367, 299
561, 379, 300, 285
562, 478, 463, 475
563, 376, 272, 271
564, 381, 271, 277
565, 377, 370, 264
566, 377, 272, 376
567, 394, 383, 313
568, 378, 286, 284
569, 380, 285, 286
570, 463, 379, 453
571, 430, 408, 404
572, 453, 380, 431
573, 382, 277, 280
574, 429, 428, 381
575, 464, 375, 463
576, 429, 396, 428
577, 383, 305, 313
578, 394, 313, 315
579, 384, 344, 302
580, 393, 312, 306
581, 385, 307, 304
582, 386, 385, 304
583, 386, 304, 305
584, 408, 383, 404
585, 387, 303, 309
586, 390, 309, 308
587, 468, 444, 442
588, 388, 310, 307
589, 449, 443, 352
590, 389, 311, 303
591, 391, 308, 310
592, 469, 468, 445
593, 470, 466, 441
594, 470, 444, 468
595, 460, 449, 350
596, 392, 306, 311
597, 461, 374, 451
598, 393, 384, 312
599, 479, 463, 453
600, 479, 404, 394
601, 395, 315, 231
602, 480, 322, 476
603, 396, 322, 316
604, 397, 316, 320
605, 401, 320, 319
606, 452, 397, 401
607, 398, 318, 317
608, 399, 317, 321
609, 402, 321, 328
610, 454, 399, 436
611, 433, 400, 432
612, 400, 319, 318
613, 401, 397, 320
614, 401, 319, 400
615, 426, 328, 345
616, 439, 402, 426
617, 403, 323, 344
618, 465, 451, 435
619, 453, 431, 404
620, 404, 383, 394
621, 450, 410, 405
622, 405, 341, 323
623, 420, 406, 339
624, 411, 406, 327
625, 407, 325, 338
626, 416, 338, 336
627, 467, 430, 440
628, 408, 386, 383
629, 409, 334, 340
630, 410, 340, 341
631, 410, 341, 405
632, 450, 405, 434
633, 411, 327, 241
634, 459, 411, 365
635, 412, 331, 332
636, 413, 332, 333
637, 417, 333, 337
638, 446, 412, 413
639, 414, 335, 334
640, 414, 334, 409
641, 415, 336, 335
642, 415, 335, 414
643, 416, 407, 338
644, 416, 336, 415
645, 418, 337, 339
646, 448, 446, 413
647, 477, 339, 406
648, 459, 448, 417
649, 419, 243, 329
650, 419, 257, 338
651, 420, 252, 343
652, 420, 324, 406
653, 421, 282, 297
654, 421, 244, 326
655, 456, 422, 455
656, 422, 342, 331
657, 423, 154,  59
658, 423,  60, 187
659, 424, 156,  14
660, 424,  15, 170
661, 425, 241, 330
662, 425, 263, 365
663, 427, 345, 342
664, 458, 426, 427
665, 456, 427, 422
666, 458, 427, 456
667, 428, 376, 381
668, 429, 381, 382
669, 464, 382, 375
670, 476, 396, 429
671, 430, 378, 354
672, 440, 430, 354
673, 431, 380, 378
674, 431, 378, 430
675, 432, 368, 370
676, 433, 432, 370
677, 433, 370, 377
678, 452, 433, 377
679, 434, 369, 362
680, 450, 434, 362
681, 435, 373, 369
682, 435, 369, 434
683, 436, 371, 366
684, 454, 436, 366
685, 437, 359, 358
686, 447, 437, 358
687, 438, 361, 359
688, 438, 359, 437
689, 439, 372, 371
690, 439, 371, 436
691, 440, 354, 349
692, 441, 349, 355
693, 444, 355, 353
694, 466, 440, 441
695, 442, 353, 351
696, 445, 351, 356
697, 443, 356, 352
698, 449, 352, 350
699, 444, 441, 355
700, 444, 353, 442
701, 469, 445, 443
702, 445, 442, 351
703, 446, 347, 346
704, 455, 446, 346
705, 447, 358, 357
706, 457, 447, 357
707, 448, 348, 347
708, 448, 347, 446
709, 460, 350, 367
710, 472, 471, 449
711, 450, 362, 361
712, 450, 361, 438
713, 451, 374, 373
714, 451, 373, 435
715, 452, 377, 376
716, 452, 428, 397
717, 475, 394, 315
718, 453, 379, 380
719, 454, 366, 368
720, 454, 368, 432
721, 455, 346, 360
722, 456, 455, 360
723, 456, 360, 364
724, 458, 456, 364
725, 457, 357, 363
726, 457, 407, 416
727, 458, 364, 372
728, 458, 372, 439
729, 459, 365, 348
730, 459, 348, 448
731, 461, 367, 374
732, 474, 472, 460
733, 473, 451, 465
734, 474, 461, 473
735, 462, 169,  52
736, 462,  53, 245
737, 480, 478, 395
738, 463, 375, 379
739, 478, 476, 464
740, 464, 429, 382
741, 465, 344, 384
742, 473, 465, 384
743, 466, 388, 385
744, 467, 466, 385
745, 467, 385, 386
746, 467, 386, 408
747, 468, 390, 391
748, 470, 468, 391
749, 469, 387, 390
750, 469, 390, 468
751, 470, 391, 388
752, 470, 388, 466
753, 471, 389, 387
754, 471, 387, 469
755, 472, 392, 389
756, 472, 389, 471
757, 473, 384, 393
758, 474, 473, 393
759, 474, 393, 392
760, 474, 392, 472
761, 475, 315, 395
762, 480, 395, 314
763, 476, 322, 396
764, 476, 429, 464
765, 477, 406, 411
766, 477, 411, 459
767, 478, 464, 463
768, 478, 475, 395
769, 479, 453, 404
770, 479, 394, 475
771, 480, 314, 322
772, 480, 476, 478
773, 503, 108, 109
774, 481,  28, 118
775,  25,  24, 115
776, 498,   3,  34
777, 498, 482, 114
778, 504, 490, 501
779, 483, 113, 482
780, 484, 111, 112
781, 485, 110, 111
782, 486, 109, 110
783,  24,   2,  10
784, 115,  24,  10
785, 116,  26,  25
786, 117,  27,  26
787,  28,  27,  11
788, 118,  28,  11
789, 487,  29, 481
790, 488,  30, 487
791, 489,  31, 488
792, 490,  32, 489
793, 491,  34,  33
794, 117,  11,  27
795, 116, 117,  26
796, 115, 116,  25
797, 127,   9, 108
798, 503, 126, 127
799, 492, 486, 485
800, 499, 485, 484
801, 500, 499, 484
802, 494, 123, 493
803, 502, 495, 494
804, 506, 495, 501
805, 497, 119, 120
806, 481, 118, 119
807, 487, 481, 119
808, 481,  29,  28
809, 482, 113, 114
810, 502, 501, 495
811, 493, 124, 492
812, 483, 112, 113
813, 492, 125, 486
814, 484, 112, 483
815, 486, 125, 126
816, 485, 111, 484
817, 503, 486, 126
818, 486, 110, 485
819, 497, 496, 488
820, 487,  30,  29
821, 496, 120, 121
822, 488,  31,  30
823, 495, 121, 122
824, 489,  32,  31
825, 504, 501, 502
826, 490,  33,  32
827, 498, 491, 482
828, 491,  33, 490
829, 499, 493, 492
830, 492, 124, 125
831, 507, 493, 500
832, 493, 123, 124
833, 507, 505, 502
834, 494, 122, 123
835, 506, 488, 496
836, 495, 122, 494
837, 497, 488, 487
838, 496, 121, 495
839, 497, 487, 119
840, 497, 120, 496
841, 498, 114,   3
842, 498,  34, 491
843, 499, 492, 485
844, 500, 484, 483
845, 500, 493, 499
846, 505, 482, 491
847, 501, 490, 489
848, 506, 501, 489
849, 507, 502, 494
850, 505, 504, 502
851, 503, 127, 108
852, 503, 109, 486
853, 505, 491, 504
854, 504, 491, 490
855, 505, 500, 483
856, 505, 483, 482
857, 506, 489, 488
858, 506, 496, 495
859, 507, 494, 493
860, 507, 500, 505
861, 509, 134,  35
862, 509,  35, 114
863, 509, 133, 134
864, 510, 132, 508
865, 131, 111, 110
866, 130, 110, 109
867, 129, 109, 108
868, 128, 108,  12
869, 108,   9,  12
870,  35, 134,   4
871, 509, 508, 133
872, 508, 132, 133
873, 510, 131, 132
874, 130, 131, 110
875, 129, 130, 109
876, 128, 129, 108
877,  35,   3, 114
878, 508, 113, 112
879, 510, 508, 112
880, 509, 114, 113
881, 509, 113, 508
882, 510, 112, 111
883, 510, 111, 131
884, 519, 141, 518
885, 524, 523, 511
886, 527, 513, 521
887, 514, 513, 131
888, 515, 514, 130
889, 515, 129, 136
890, 135, 129, 128
891, 135, 128,  13
892, 128,  12,  13
893, 144,   5,  41
894, 516, 144,  41
895, 517, 143, 516
896, 518, 142, 517
897, 528, 526, 525
898, 529, 520, 519
899, 527, 521, 520
900, 522, 521, 513
901, 522, 515, 137
902, 135, 136, 129
903, 523,   4, 134
904, 524,  36, 523
905, 531, 511, 530
906, 526, 517,  39
907, 517,  40,  39
908, 516,  41,  40
909, 511, 134, 133
910, 512, 511, 133
911, 512, 133, 132
912, 513, 512, 132
913, 513, 132, 131
914, 522, 513, 514
915, 514, 131, 130
916, 522, 137, 138
917, 515, 130, 129
918, 515, 136, 137
919, 517, 516,  40
920, 516, 143, 144
921, 526, 518, 517
922, 517, 142, 143
923, 531, 529, 528
924, 518, 141, 142
925, 530, 527, 529
926, 519, 140, 141
927, 520, 139, 140
928, 520, 140, 519
929, 521, 138, 139
930, 521, 139, 520
931, 522, 514, 515
932, 522, 138, 521
933, 523,  36,   4
934, 523, 134, 511
935, 524,  37,  36
936, 531, 528, 525
937, 525,  38,  37
938, 525,  37, 524
939, 526,  39,  38
940, 526,  38, 525
941, 529, 527, 520
942, 527, 512, 513
943, 528, 519, 518
944, 528, 518, 526
945, 529, 519, 528
946, 531, 530, 529
947, 530, 511, 512
948, 530, 512, 527
949, 531, 525, 524
950, 531, 524, 511