 1,   478.579987,           0.
      2,   317.160004,           0.
      3,   133.279999,           0.
      4,   98.2799988,           0.
      5,           0.,           0.
      6,  -161.419998,           0.
      7,  -161.419998,        -117.
      8,   478.579987,        -117.
      9,       116.93,         117.
     10,   305.890015,         11.5
     11,   252.990005,         11.5
     12,   114.629997,         117.
     13,   111.047813,    113.34375
     14,   463.905457,           0.
     15,   449.230896,           0.
     16,   434.556366,           0.
     17,   419.881805,           0.
     18,   405.207275,           0.
     19,   390.532715,           0.
     20,   375.858185,           0.
     21,   361.183624,           0.
     22,   346.509094,           0.
     23,   331.834534,           0.
     24,    301.83667,           0.
     25,   286.513336,           0.
     26,   271.190002,           0.
     27,   255.866669,           0.
     28,   240.543335,           0.
     29,   225.220001,           0.
     30,   209.896667,           0.
     31,   194.573334,           0.
     32,       179.25,           0.
     33,   163.926666,           0.
     34,   148.603333,           0.
     35,   115.779999,           0.
     36,   84.2399979,           0.
     37,   70.1999969,           0.
     38,   56.1599998,           0.
     39,   42.1199989,           0.
     40,   28.0799999,           0.
     41,        14.04,           0.
     42,  -14.6745453,           0.
     43,  -29.3490906,           0.
     44,  -44.0236359,           0.
     45,  -58.6981812,           0.
     46,  -73.3727264,           0.
     47,  -88.0472717,           0.
     48,  -102.721817,           0.
     49,  -117.396362,           0.
     50,  -132.070908,           0.
     51,  -146.745453,           0.
     52,  -161.419998,      -14.625
     53,  -161.419998,       -29.25
     54,  -161.419998,      -43.875
     55,  -161.419998,        -58.5
     56,  -161.419998,      -73.125
     57,  -161.419998,       -87.75
     58,  -161.419998,     -102.375
     59,  -146.536285,        -117.
     60,  -131.652557,        -117.
     61,  -116.768837,        -117.
     62,  -101.885117,        -117.
     63,  -87.0013962,        -117.
     64,  -72.1176758,        -117.
     65,  -57.2339554,        -117.
     66,  -42.3502312,        -117.
     67,  -27.4665108,        -117.
     68,  -12.5827904,        -117.
     69,   2.30093026,        -117.
     70,   17.1846504,        -117.
     71,   32.0683708,        -117.
     72,   46.9520912,        -117.
     73,   61.8358154,        -117.
     74,   76.7195358,        -117.
     75,   91.6032562,        -117.
     76,   106.486977,        -117.
     77,   121.370697,        -117.
     78,   136.254425,        -117.
     79,   151.138138,        -117.
     80,   166.021866,        -117.
     81,   180.905579,        -117.
     82,   195.789307,        -117.
     83,   210.673019,        -117.
     84,   225.556747,        -117.
     85,    240.44046,        -117.
     86,   255.324188,        -117.
     87,   270.207916,        -117.
     88,   285.091614,        -117.
     89,   299.975342,        -117.
     90,    314.85907,        -117.
     91,   329.742798,        -117.
     92,   344.626526,        -117.
     93,   359.510223,        -117.
     94,   374.393951,        -117.
     95,   389.277679,        -117.
     96,   404.161407,        -117.
     97,   419.045105,        -117.
     98,   433.928833,        -117.
     99,   448.812561,        -117.
    100,   463.696289,        -117.
    101,   478.579987,     -102.375
    102,   478.579987,       -87.75
    103,   478.579987,      -73.125
    104,   478.579987,        -58.5
    105,   478.579987,      -43.875
    106,   478.579987,       -29.25
    107,   478.579987,      -14.625
    108,   118.973747,      102.375
    109,   121.017502,        87.75
    110,   123.061249,       73.125
    111,   125.105003,         58.5
    112,    127.14875,       43.875
    113,   129.192505,        29.25
    114,   131.236252,       14.625
    115,   292.665009,         11.5
    116,   279.440002,         11.5
    117,   266.214996,         11.5
    118,   240.620911,     21.09091
    119,   228.251816,    30.681818
    120,   215.882721,    40.272728
    121,   203.513641,    49.863636
    122,   191.144547,   59.4545441
    123,   178.775452,   69.0454559
    124,   166.406357,   78.6363602
    125,   154.037277,    88.227272
    126,   141.668182,   97.8181839
    127,   129.299088,   107.409088
    128,    112.58625,      102.375
    129,   110.542503,        87.75
    130,   108.498749,       73.125
    131,   106.455002,         58.5
    132,   104.411247,       43.875
    133,     102.3675,        29.25
    134,   100.323753,       14.625
    135,    100.95256,   103.039772
    136,   90.8572998,   92.7357941
    137,   80.7620468,   82.4318161
    138,   70.6667862,   72.1278381
    139,   60.5715332,    61.823864
    140,   50.4762802,    51.519886
    141,   40.3810234,   41.2159081
    142,   30.2857666,    30.911932
    143,   20.1905117,    20.607954
    144,   10.0952559,    10.303977
    145,   91.5998383,    -13.18855
    146,   6.97470045,  -12.3873215
    147,   77.1176147,  -12.6958456
    148,    35.107357,  -12.2528791
    149,   21.0793819,  -12.3048801
    150,    49.121048,  -12.2917547
    151,   63.0933723,  -12.4269161
    152,   465.020294,  -81.4198837
    153,  -148.288605,  -80.9067993
    154,  -148.053055,  -97.0013123
    155,   465.440674,  -35.9725227
    156,   465.289764,  -19.8974972
    157,   -148.64946,  -65.8324127
    158,   465.546997,  -66.1009827
    159,   465.711212,  -51.1340446
    160,   324.450134,  -12.8974762
    161,  -80.7101364,  -12.7209291
    162,   368.525116,  -12.7324524
    163,  -36.6704712,  -12.6814356
    164,  -51.3564796,  -12.7105656
    165,  -66.0344391,  -12.7202396
    166,  -95.3851318,  -12.7196026
    167,  -110.154022,  -12.7745447
    168,  -125.318886,  -13.1476269
    169,  -141.449799,  -13.2741556
    170,   441.886749,  -13.0600986
    171,    412.55307,  -12.7490778
    172,  -7.38745403,  -12.5072384
    173,  -21.9886608,  -12.6076593
    174,   339.191254,  -12.8060961
    175,   353.862213,  -12.7575283
    176,   383.197052,  -12.7258787
    177,    397.87204,   -12.728734
    178,   427.301605,  -12.8721504
    179,  -20.0233536,  -104.135582
    180,   84.1538162,  -104.083015
    181,   39.5088043,  -104.150612
    182,  -5.13941383,  -104.143814
    183,  -49.7915955,  -104.126244
    184,   -64.675621,   -104.12471
    185,  -79.5594864,  -104.124832
    186,  -109.531937,   -103.86084
    187,  -124.358521,  -103.732529
    188,   9.74413204,  -104.153122
    189,   24.6266556,  -104.159195
    190,   54.3903084,   -104.14193
    191,   69.2709198,  -104.119934
    192,  -34.9070396,    -104.1334
    193,  -94.4991379,  -104.063492
    194,   453.671417,   -105.22982
    195,   426.372528,  -104.221703
    196,    381.83606,  -104.122108
    197,   337.185699,  -104.112274
    198,   292.534454,  -104.089424
    199,   247.882324,  -104.081787
    200,   203.231155,  -104.082893
    201,   158.584076,   -104.06176
    202,   113.925751,    -104.0149
    203,   99.0342407,  -104.038895
    204,   128.816467,  -104.012787
    205,   143.704239,  -104.029144
    206,   173.465378,   -104.07412
    207,   188.347855,  -104.077583
    208,   218.114883,  -104.081009
    209,   232.998611,  -104.079575
    210,   277.650116,  -104.084129
    211,   307.419037,  -104.095695
    212,   322.303009,  -104.104813
    213,   352.069183,  -104.117744
    214,   366.952759,  -104.121849
    215,   396.718689,  -104.126343
    216,   411.576935,  -104.155724
    217,   441.105072,  -104.266281
    218,   262.766113,  -104.079674
    219,   278.870422,  -13.2020693
    220,   186.913971,  -13.2483521
    221,   156.364166,  -13.5273218
    222,   171.638153,   -13.320549
    223,   202.235443,  -13.2407112
    224,   248.205002,  -13.2414474
    225,   263.535034,  -13.2252321
    226,   232.881668,  -13.2399702
    227,   217.558411,  -13.2379713
    228,   294.204041,   -13.122406
    229,   140.892899,  -13.8900375
    230,   309.448578,  -13.0118475
    231,   124.410202,  -14.5130663
    232,   107.408211,  -14.2684917
    233,   69.7636566,  -25.1524296
    234,   42.0985641,  -24.6073227
    235,   28.1342163,  -24.6193752
    236,   55.9651718,  -24.8060532
    237,    14.105464,  -24.7364006
    238,   83.8938675,  -25.7974815
    239, -0.122913025,  -24.9267979
    240,   464.948547,  -97.3807983
    241,  -135.213943,  -73.2571869
    242,  -148.442398,  -51.0681877
    243,   452.801025,   -43.458931
    244,   452.405579,  -73.8413544
    245,  -148.313477,  -36.5867386
    246,   452.803864,  -58.5680389
    247,  -43.9833488,  -25.3994408
    248,  -58.6855507,  -25.4395161
    249,  -102.990364,  -25.8931713
    250,   346.584076,   -25.570591
    251,   420.107178,  -26.0050793
    252,   -118.08709,  -26.3047962
    253,  -73.3701248,  -25.4519463
    254,   390.536499,  -25.4607277
    255,  -88.0931244,  -25.5273666
    256,  -29.2573872,  -25.2902546
    257,   434.937622,   -26.265007
    258,   361.219299,  -25.5073833
    259,   375.870972,  -25.4764957
    260,   405.249176,  -25.5552692
    261,  -14.6055202,  -25.1242676
    262,   331.903473,   -25.711235
    263,   -117.32103,  -90.9591293
    264,   46.9389038,  -91.3276596
    265,  -57.2318382,  -91.2648163
    266,  -12.5747194,  -91.3084564
    267,  -72.1169662,  -91.2627945
    268,   2.30876231,  -91.3312302
    269,   32.0647202,  -91.3490295
    270,   17.1889629,  -91.3509903
    271,    76.680542,  -91.2077484
    272,   61.8075294,  -91.2858124
    273,  -87.0367508,  -91.2322159
    274,  -27.4588203,  -91.2936554
    275,  -42.3448105,  -91.2795029
    276,  -102.236603,   -91.137001
    277,   91.5513916,  -91.1071777
    278,   344.631866,  -91.2369843
    279,   270.209564,   -91.144249
    280,   106.451508,  -91.0175323
    281,   195.789536,  -91.1368561
    282,   434.115387,  -91.0255127
    283,   389.277435,  -91.2618561
    284,    166.03862,  -91.0973511
    285,   136.280762,  -90.9886475
    286,   151.169891,  -91.0323944
    287,   180.911713,  -91.1203232
    288,   225.556747,  -91.1388931
    289,   240.440521,  -91.1355515
    290,   285.096588,  -91.1534576
    291,   329.751343,   -91.220192
    292,   314.869568,  -91.1967163
    293,   374.395874,  -91.2565079
    294,   359.514099,  -91.2499008
    295,   419.196198,  -90.8631363
    296,   404.181488,  -91.2065277
    297,   450.281769,  -90.4159851
    298,   210.673065,  -91.1324997
    299,   299.985046,  -91.1710434
    300,   121.370308,   -90.971199
    301,    255.32486,  -91.1339111
    302,   317.032593,  -25.9080238
    303,   255.876556,  -26.4407692
    304,   179.340942,  -26.5413666
    305,   164.233932,  -26.8278046
    306,   286.604492,  -26.2871819
    307,   194.589035,  -26.4708538
    308,   225.220093,  -26.4540806
    309,    240.54541,  -26.4475155
    310,   209.899429,  -26.4518776
    311,   271.236847,  -26.3826599
    312,   301.906616,  -26.1058941
    313,   149.031921,  -27.2644291
    314,   98.5765457,  -27.1052608
    315,   133.216751,  -28.6171265
    316,   76.4903183,  -38.3240166
    317,   20.7080021,  -37.5498924
    318,   34.6706505,  -37.5788307
    319,   48.5886383,  -37.7788353
    320,   62.5462074,   -38.113369
    321,   6.37833738,  -37.8541069
    322,   90.5325241,  -39.0032539
    323,   339.954926,   -38.638073
    324,  -135.901382,  -43.6197243
    325,   440.700836,  -50.9131622
    326,   440.513885,  -66.2561569
    327,  -135.549988,  -58.3158073
    328,  -8.11147499,  -38.0828209
    329,   450.883942,  -26.9338017
    330,  -133.424469,  -89.9781113
    331,  -52.0204887,   -38.377243
    332,  -66.8703461,  -38.4480019
    333,  -81.6794357,   -38.494915
    334,   383.938354,  -38.4375763
    335,   398.826416,  -38.5019722
    336,   413.200989,  -38.9149323
    337,  -96.2463379,  -38.7982407
    338,    428.40271,  -41.2861366
    339,  -111.573288,  -40.5134392
    340,   369.445587,  -38.5213928
    341,   354.966919,  -38.6376572
    342,  -37.5063858,  -38.3722572
    343,   -134.66835,  -27.8093395
    344,   325.185944,  -38.8457718
    345,  -22.9886169,  -38.3388367
    346,  -64.2089691,  -78.2792892
    347,  -79.0274658,  -78.2534409
    348,  -94.5068207,  -77.9590225
    349,   189.084915,  -78.1800613
    350,   276.814514,  -78.2577972
    351,   232.499832,  -78.7384186
    352,    261.79895,  -78.2564316
    353,   218.469803,  -78.8302765
    354,    173.84726,  -77.8381653
    355,   204.274261,  -78.4244614
    356,   246.755569,  -78.4246445
    357,   411.070953,  -77.5290756
    358,   396.172089,  -78.1263657
    359,   381.299133,  -78.2313843
    360,  -49.2336388,  -78.2588272
    361,   366.386108,  -78.2316818
    362,   351.547852,  -78.2345352
    363,   427.286987,  -75.3209839
    364,  -34.3262634,  -78.2540436
    365,  -110.242035,     -78.1306
    366,   10.1141863,  -78.2965851
    367,   291.581848,   -78.260437
    368,   24.9864883,  -78.2485733
    369,   336.672272,   -78.225914
    370,   39.7427406,  -78.2565613
    371,  -4.68680191,  -78.2770233
    372,  -19.3800888,  -78.2129135
    373,   321.670837,  -78.1995697
    374,   306.440643,  -78.2142944
    375,   114.189346,  -77.3339462
    376,   69.2260132,  -78.2047501
    377,   54.5176125,   -78.172905
    378,   158.563629,  -78.1819763
    379,    129.58075,  -77.4679413
    380,   144.182068,  -78.5269699
    381,   83.9593353,  -78.0823288
    382,    98.870575,  -77.7816544
    383,   157.119583,  -39.9510536
    384,   310.097504,  -39.0627289
    385,   186.475037,    -39.49897
    386,   171.617294,  -39.2040291
    387,   248.768158,  -39.6453362
    388,    201.68045,  -39.6123924
    389,   264.225769,  -39.5288506
    390,    233.25676,  -40.0338631
    391,   217.284637,  -40.0862732
    392,   279.610504,  -39.4019432
    393,   294.980499,  -39.2433395
    394,   142.249435,  -41.3123817
    395,   115.187752,  -31.0014973
    396,   83.6293716,  -51.7199249
    397,   69.3752136,  -51.5821762
    398,   26.6754303,  -51.1841087
    399,   12.2533913,   -51.314045
    400,   40.8612938,  -51.3327675
    401,    55.126976,   -51.461628
    402,  -2.34593463,  -51.4927177
    403,   334.058594,  -51.9320564
    404,   150.823029,  -54.5912323
    405,   349.062469,  -51.8950653
    406,  -123.479797,  -49.9846268
    407,   428.748535,  -58.0253067
    408,   164.540588,  -49.8136749
    409,   378.524933,  -51.8024559
    410,   363.838348,  -51.8554611
    411,  -120.470848,  -65.2720566
    412,  -61.2344322,  -51.7381287
    413,   -76.117218,  -51.7868385
    414,   393.283386,  -51.7989616
    415,   407.262024,  -51.4590836
    416,   418.782166,  -50.6261787
    417,  -90.8121414,  -51.3886986
    418,  -102.734222,   -49.711235
    419,   441.545227,  -37.7714081
    420,  -124.741982,  -37.6463852
    421,   440.920715,  -79.3720016
    422,  -46.5502739,  -51.7468071
    423,  -136.804977,   -104.94239
    424,   454.239349,  -11.9782791
    425,  -123.334465,  -79.5194168
    426,  -17.0831356,  -51.6273003
    427,    -31.84058,  -51.7164383
    428,   76.5108566,  -64.8991013
    429,   91.1974945,  -64.7609711
    430,   165.593521,   -63.589817
    431,   151.536697,  -68.1315308
    432,   33.0025024,  -64.8177032
    433,    47.539608,  -64.8295212
    434,   342.936707,  -65.0903091
    435,   327.841644,  -65.0998917
    436,   3.73058152,  -64.8877792
    437,   387.492859,  -65.0462723
    438,   372.594757,  -65.0480423
    439,  -10.9504786,  -64.9254837
    440,   182.930801,   -64.907692
    441,   198.536575,   -65.499527
    442,   225.434982,  -68.8571243
    443,   252.237396,  -65.6174011
    444,   213.394455,   -66.596138
    445,   237.396042,  -66.6071777
    446,  -70.3080368,  -65.0573959
    447,   401.929626,  -64.5675278
    448,  -85.5723724,  -64.6846695
    449,   267.333771,  -65.4543533
    450,   357.727692,  -65.0591812
    451,   312.581451,  -65.1724396
    452,   62.0493813,   -64.858345
    453,   139.303986,  -65.6520691
    454,   18.4604301,  -64.7914658
    455,  -55.4188232,  -65.0397873
    456,   -40.551178,  -65.0118484
    457,    415.84671,    -62.92136
    458,  -25.6886215,  -64.9580078
    459,  -102.387894,  -63.0484962
    460,   282.400269,  -65.3649597
    461,   297.444672,  -65.2690735
    462,   -149.45433,  -24.3090458
    463,   123.619682,  -61.5942802
    464,   106.389847,  -63.6818886
    465,   318.855042,  -52.0556602
    466,   192.586655,  -52.4010544
    467,   177.290649,  -51.5692062
    468,   225.317535,  -55.4651566
    469,     242.4328,  -53.3366508
    470,   208.133392,  -53.2767563
    471,   257.978821,  -52.6858978
    472,   273.307983,  -52.4695358
    473,   303.709656,  -52.1974106
    474,   288.575592,  -52.3243752
    475,   127.176186,  -44.1232185
    476,   97.8591309,  -51.2432823
    477,  -112.129211,  -53.7059708
    478,   112.201309,  -48.5201797
    479,    136.63446,  -53.4546356
    480,   102.871452,  -39.3746948
    481,   230.587341,   13.0787506
    482,   142.552383,   23.6289635
    483,    140.97966,   38.6462822
    484,   138.491714,   52.7584457
    485,    137.25914,   66.8442764
    486,   136.859802,   83.2476654
    487,   218.292099,    14.375514
    488,   202.428864,    16.153017
    489,   186.491043,    13.580821
    490,   171.837296,   13.3581734
    491,   156.002625,   15.2055759
    492,   151.033234,   73.0867004
    493,   162.539368,   61.4352798
    494,   176.051529,   52.6248245
    495,   187.996307,   40.6621208
    496,   202.515427,   33.2388382
    497,   213.474182,   26.9443817
    498,   142.334915,   10.6919079
    499,   148.251099,   60.5855293
    500,     151.7668,   49.0264053
    501,   179.361313,   26.0682087
    502,   171.710663,   37.5299377
    503,    129.56366,    95.719986
    504,   167.054276,   25.1789684
    505,   156.292267,   33.7451553
    506,   191.758591,   25.9406013
    507,   163.672134,   46.8723183
    508,   115.774399,   35.8358192
    509,   115.779068,   20.5976372
    510,   115.778877,   48.1171646
    511,    87.517662,   22.4075031
    512,   90.4711075,   37.6069145
    513,   91.0806732,   53.9873848
    514,   97.3146286,   66.5936127
    515,   95.5071716,   78.5686646
    516,   21.2064857,   9.05626869
    517,   33.6515198,   14.2910843
    518,   44.4188156,   26.7929153
    519,   54.3938446,   37.6711349
    520,   64.5036697,   47.9406776
    521,   75.0599747,   58.0889435
    522,   85.0652161,   68.6330414
    523,   89.5957642,   9.61367321
    524,   77.9237823,   11.0106497
    525,   64.1120834,   11.7271013
    526,   49.8285789,   12.8062801
    527,   78.0511627,   43.9984627
    528,   58.8471031,   24.3241463
    529,   67.9035645,   34.7497787
    530,   79.2650299,   32.2670174
    531,   72.5948715,   22.7476997