1,       116.93,         117.
      2,   133.279999,           0.
      3,   317.160004,           0.
      4,   305.890015,         11.5
      5,   252.990005,         11.5
      6,   114.629997,         117.
      7,   98.2799988,           0.
      8,   111.047813,    113.34375
      9,           0.,           0.
     10,   118.187691,         108.
     11,   119.445381,          99.
     12,   120.703079,          90.
     13,    121.96077,          81.
     14,    123.21846,          72.
     15,   124.476151,          63.
     16,   125.733849,          54.
     17,   126.991539,          45.
     18,   128.249237,          36.
     19,   129.506927,          27.
     20,   130.764618,          18.
     21,   132.022308,           9.
     22,   142.473999,           0.
     23,   151.667999,           0.
     24,      160.862,           0.
     25,      170.056,           0.
     26,       179.25,           0.
     27,      188.444,           0.
     28,      197.638,           0.
     29,   206.832001,           0.
     30,   216.026001,           0.
     31,   225.220001,           0.
     32,   234.414001,           0.
     33,   243.608002,           0.
     34,   252.802002,           0.
     35,   261.996002,           0.
     36,   271.190002,           0.
     37,   280.384003,           0.
     38,   289.578003,           0.
     39,   298.772003,           0.
     40,   307.966003,           0.
     41,   311.524994,         5.75
     42,   297.073334,         11.5
     43,   288.256653,         11.5
     44,   279.440002,         11.5
     45,   270.623322,         11.5
     46,   261.806671,         11.5
     47,   245.828949,   17.0526314
     48,   238.667892,   22.6052628
     49,   231.506836,   28.1578941
     50,   224.345795,   33.7105255
     51,   217.184738,   39.2631569
     52,   210.023682,   44.8157883
     53,   202.862625,   50.3684196
     54,   195.701584,    55.921051
     55,   188.540527,   61.4736824
     56,   181.379471,   67.0263138
     57,   174.218414,    72.578949
     58,   167.057373,   78.1315765
     59,   159.896317,   83.6842117
     60,    152.73526,   89.2368393
     61,   145.574203,   94.7894745
     62,   138.413162,   100.342102
     63,   131.252106,   105.894737
     64,   124.091049,   111.447365
     65,   113.372307,         108.
     66,   112.114616,          99.
     67,   110.856926,          90.
     68,   109.599228,          81.
     69,   108.341537,          72.
     70,   107.083847,          63.
     71,   105.826157,          54.
     72,   104.568459,          45.
     73,   103.310768,          36.
     74,   102.053078,          27.
     75,   100.795387,          18.
     76,   99.5376892,           9.
     77,   107.029999,           0.
     78,   115.779999,           0.
     79,   124.529999,           0.
     80,   104.878487,   107.046875
     81,   98.7091675,       100.75
     82,   92.5398407,    94.453125
     83,   86.3705215,     88.15625
     84,   80.2011948,    81.859375
     85,   74.0318756,      75.5625
     86,   67.8625488,    69.265625
     87,   61.6932297,     62.96875
     88,   55.5239067,    56.671875
     89,   49.3545837,       50.375
     90,   43.1852608,    44.078125
     91,   37.0159378,     37.78125
     92,   30.8466148,    31.484375
     93,   24.6772919,      25.1875
     94,   18.5079689,    18.890625
     95,   12.3386459,     12.59375
     96,   6.16932297,     6.296875
     97,   8.93454552,           0.
     98,    17.869091,           0.
     99,   26.8036366,           0.
    100,   35.7381821,           0.
    101,   44.6727257,           0.
    102,   53.6072731,           0.
    103,   62.5418167,           0.
    104,   71.4763641,           0.
    105,   80.4109116,           0.
    106,   89.3454514,           0.
    107,   219.638596,   7.77738047
    108,   138.170639,     23.79846
    109,   136.767975,   32.6209755
    110,   135.438095,   41.5959396
    111,   134.175583,   50.6053963
    112,   132.936905,   59.8527946
    113,   131.182922,   68.8452835
    114,   129.673615,   77.3412857
    115,   129.123337,   86.2723083
    116,   128.614655,   96.6695862
    117,    302.39859,   5.77084446
    118,   244.433853,   6.84429121
    119,   228.067169,   9.21772194
    120,   211.130814,   7.63484335
    121,   202.260086,   7.69612169
    122,   193.330154,   7.88473654
    123,   184.131409,   8.19863415
    124,   174.700256,   7.99136782
    125,   165.466568,   7.95555592
    126,   156.103333,    7.7724638
    127,   146.799332,   7.32229996
    128,   124.318176,   104.202339
    129,   137.099976,   90.9374771
    130,    144.43396,   85.5404739
    131,    151.47258,   80.0375519
    132,   158.610107,   74.5928955
    133,   165.817978,   69.1327133
    134,   172.986572,   63.5953407
    135,   180.147812,   58.0443192
    136,   187.307388,   52.4902763
    137,   194.467072,    46.935791
    138,   201.629028,   41.3721123
    139,   208.804153,   35.7627487
    140,   216.041672,   30.1935978
    141,   223.205521,   24.7110291
    142,   230.074127,   18.8645535
    143,   236.914322,   12.4307432
    144,   171.787552,   54.6187973
    145,   193.217285,   37.7259674
    146,   157.506241,   65.4844055
    147,   207.756927,   26.4187202
    148,   136.616226,   81.7410965
    149,   215.187256,   21.2411232
    150,   186.072052,   43.3833542
    151,   150.103165,   70.7674408
    152,   200.404129,   32.0066719
    153,   164.727676,   60.1200142
    154,   143.240555,   76.4941177
    155,    178.92218,   49.0276833
    156,    221.87709,   15.9267988
    157,    140.56897,   14.4226284
    158,   139.028931,   6.14898586
    159,   145.530045,   29.2742863
    160,   142.581436,   47.1021042
    161,   141.516968,   56.3393326
    162,   140.646545,   66.8465424
    163,   144.122604,   38.2169991
    164,   198.315613,   14.4133415
    165,   293.707245,   5.75764275
    166,    179.43808,   16.0720062
    167,   170.382828,   15.9317827
    168,   160.768768,   16.2032528
    169,   150.874268,   15.2996588
    170,   189.872742,   17.4453697
    171,   206.982071,   16.2562771
    172,   163.474365,   51.3352089
    173,   156.808151,   56.6326523
    174,   149.348724,    61.381321
    175,   199.202499,   22.4433441
    176,   191.737549,   28.0833054
    177,   170.255142,   45.4896774
    178,   184.601013,   34.0710564
    179,   177.468262,   39.7586174
    180,    149.60643,   52.3890343
    181,   151.119965,   43.9392662
    182,   152.875748,     35.10606
    183,   145.990677,   21.5055389
    184,   214.963165,   13.7672844
    185,   286.273193,   5.75152874
    186,   175.110535,   22.5629292
    187,   182.797943,   24.7804241
    188,   154.828461,   25.0870953
    189,     166.7117,     25.57304
    190,   160.557983,   41.9691277
    191,   168.658813,   35.9807701
    192,   156.313385,   49.2530594
    193,   175.891373,   30.4544735
    194,   160.726547,   32.7432175
    195,   136.271973,   74.2536697
    196,   124.037292,   11.6095896
    197,   122.123238,   20.2909775
    198,   120.343155,   29.1399708
    199,   119.484741,   38.3629379
    200,   118.381958,   47.2961464
    201,   115.466988,   56.7201767
    202,   115.721031,   66.8866119
    203,   115.768204,   74.5773239
    204,   109.968842,    10.074852
    205,   111.943329,   21.5351105
    206,   111.414261,   32.1883163
    207,   111.391869,   41.2658195
    208,   118.266327,   7.20996809
    209,   117.267807,   14.1440992
    210,   111.127083,   48.8564301
    211,   92.9492569,   14.1435375
    212,    93.844635,   23.3716602
    213,   94.9977722,    32.528904
    214,   96.2739182,   41.4617043
    215,   97.2874756,   50.5089722
    216,   98.7423325,   59.4108429
    217,   99.7254715,   68.0516434
    218,   99.2155151,   77.9821777
    219,   101.615608,   87.5875854
    220,   103.452438,   96.4729309
    221,   21.0763988,   8.79547501
    222,   27.5367756,   16.4746819
    223,   33.5374832,   22.9745579
    224,   39.6295357,   29.1290417
    225,   45.7371063,   35.3910713
    226,   51.8146286,   41.7862091
    227,   57.9285202,   48.1423988
    228,   64.0838242,   54.4544373
    229,   70.3067245,   60.7709541
    230,    76.586731,   67.1999893
    231,   82.8408508,   73.6129837
    232,   89.0092468,   79.8172531
    233,    93.750145,   85.5992813
    234,    93.022377,   6.41614437
    235,    75.762886,   7.96988916
    236,   66.9817734,   7.81345558
    237,   57.7528076,    7.8420186
    238,   48.6531296,   7.47579813
    239,   40.1119995,   7.27139854
    240,   31.2826004,   7.89648438
    241,   13.2776012,      5.53722
    242,   85.2192078,   9.04942894
    243,   91.5270538,   71.5087509
    244,   86.4539719,   28.7923756
    245,   85.3901978,   65.2662201
    246,   54.6163483,   33.0884247
    247,   62.2330437,   15.9590845
    248,   51.6194687,   16.5421219
    249,   36.4601059,   14.7451229
    250,   71.4911194,   15.8295288
    251,   60.5782967,   39.5902176
    252,   66.6160889,   45.9770088
    253,   72.7811279,   52.3221741
    254,   92.8988495,   64.1303406
    255,   88.0401688,   37.9230118
    256,   89.0890274,   46.5477142
    257,   89.1220703,   56.3806114
    258,   79.2481155,   58.6833534
    259,   85.8233109,    19.150013
    260,   48.6420708,   26.4968243
    261,   42.3084717,   20.5306015
    262,   79.1096268,   15.2169409
    263,   69.2977676,   37.7101364
    264,   75.2078094,   44.0554771
    265,   81.3282928,   50.1345863
    266,   63.5219765,   31.4490128
    267,   43.8306351,   13.3130083
    268,   58.0215263,   24.5378551
    269,   67.2903595,   23.7003918
    270,   78.5708237,   35.1037216
    271,   77.1374359,   24.0191422
    272,   71.1636734,   30.3964806
    273,   82.4472275,    42.752903