137 68
111 55
0 0
287 0
287 13
260 13
150 68
165 13
128 13
141 65
147 65
128 63
119 59
102 50
92 46
83 41
74 36
64 32
55 27
46 23
37 18
27 13
18 9
9 4
9 0
19 0
29 0
39 0
49 0
59 0
69 0
79 0
89 0
99 0
108 0
118 0
128 0
138 0
148 0
158 0
168 0
178 0
188 0
198 0
207 0
217 0
227 0
237 0
247 0
257 0
267 0
277 0
278 13
269 13
251 17
241 22
232 26
223 31
214 36
205 40
195 45
186 49
177 54
168 58
159 63
156 13
146 13
137 13
130 23
133 33
136 44
138 54
150 54
154 44
158 33
161 23
118 49
127 52
45 10
93 8
54 7
63 10
74 8
83 8
104 9
116 9
183 8
202 8
212 9
223 10
232 7
242 10
193 8
253 8
186 38
161 52
205 29
224 21
232 16
215 25
196 34
176 42
169 50
72 25
92 35
83 28
55 16
63 21
35 8
101 40
110 45
119 20
125 42
121 31
168 33
173 22
173 9
125 6
78 17
98 18
108 18
206 18
263 6
216 16
198 15
190 16
88 18
186 26
178 32
197 23
92 25
102 28
111 35
112 27
134 7
181 16
70 16
117 40
162 7
271 6
164 42
154 6
151 21
143 37
142 24
144 47
152 30
